Webots Project File version R2020a
perspectives: 000000ff00000000fd00000003000000000000021d000002cbfc0100000002fb0000001e00480074006d006c0052006f0062006f007400570069006e0064006f007701000000000000021d0000006900fffffffb0000001a0044006f00630075006d0065006e0074006100740069006f006e0000000000ffffffff0000006900ffffff000000010000011c00000236fc0200000001fb0000001400540065007800740045006400690074006f00720100000016000002360000003f00ffffff000000030000046f00000093fc0100000001fb0000000e0043006f006e0073006f006c0065010000021f0000046f0000006900ffffff000003510000023600000001000000020000000100000008fc00000000
simulationViewPerspectives: 000000ff00000001000000020000015d000004110100000002010000000100
sceneTreePerspectives: 000000ff0000000100000002000002aa000000fa0100000002010000000200
maximizedDockId: -1
centralWidgetVisible: 1
selectionDisabled: 0
viewpointLocked: 0
orthographicViewHeight: 1
textFiles: -1
robotWindow: Pioneer 3-AT
renderingDevicePerspectives: Pioneer 3-AT:camera;1;1;0.433907;0.0611439
